9
1
37
38
38
5486
6
44
34
6
88
3258
9
45
8
93392
61
6168
64
4
8
67
96
86
26
62
8
7
994
64
7
892
13
534
62
16
9669
65
66
84
992
995
96
9
93
754
2
3
69
84
5271
13
27
6
6
81
92
1
5
5
18229
67
4
3
23239
8833
865
3452
3
339
5784
442
353
5
6
9
28
7
21
46
37
488
59
7754
991
45
5
1559
1
235
915
48
12
413
81
268
7
3167
5326
8382
3
84526
1
775
2
4
554
917
8855
1
153
4
7
5
7
3
75
7
9
5
3
498
139
5
57
2256
569816
2
863
5
28
643
4
1
872
6
12
57
43
41
31
19
57
22
7
66
7
9
56
646
8
53
8
4
6426
56
1
79
263
469
9648
7
3
4733
2
7
7
5
57
88
2
9
9414
5
2345
3
41
6
4
664
5356
75
48
7
58
52
98
29
279
57
52
8524
62
6
29
47
95
9
1775
6759
4
826
34
56
59
1
1
56676
7
4
59
54
6
418
2784
5
1
3734
94
18
49
2
68
2
2
83
3
839
38
554
44
5
8
1
3
265
6
45
8
6
4563
48
74
823
3
7
7
182
415
44
8
49758
881
9
14
6
24
9
2
446
2127
9
37965
69
13
8
5
7
7
363
3
926
43
351
76
91
5
19398
2
437
31
8
496
794
745
45
56
5
7
1
6
13
9327
5869
1
87
49
42
3
3
22
8985
4
8
9
33
142
284
2
15
7
7
84
69
82
52
1
57
418651
96
348
512
64
14
39
2
79
5
864
1
18965
41
4782
1
6
66
8
835
887
714129
3
3
13271
615
1
9
1
5196
66237
6
463
7
3881
24
553
84
6187
17
942
916
26
9455
491
2262
36
248
88
537
1313
4
67
9722
69
561
39
73
569
44
84
3
916
5
16
411
44
6
11
9
3249
8
49
38587
79
2
24
9394
4
65384
95
42346
747
994
2
79
7748
3
9
7
9139
6
82
94
9297
296
2
7
476672
87
5
61
657
2557
925
47
37
84729
84
42
87
3956
55
17
5
9186
5897
8
9
4
338
599
266
87
53
3
96
371
339
36
48533
349
15
98922
1647
41
318
6
2875
6
7396
165
235
2
36
42
562
2
57383
711
3
79
8
5236
39
5919
8483
71
151
8
16
25
1
95
934
66
557
3
1
33
9
267
1
1
29
73
9335
3
76
1487
37
379
9
48
13
55
3
6
7
1733
331
14
9
86
1
366
7
31
7316
987
94
2
8
614
9256
76671
86
2
44
775
77
66
61
38
894
5
12
42
147
954
1
98
65
934
74
71
5946
586
44
9
418
49
4
52
4451
91
6132
28562
6
35
4
421
16673
5
27
123
754
71
63
3436
6
566
3193
544
3
5
6
2
1
762
4
456
12
85
83
58
65
288
22
9819
139
9
77
7
2
94
95
6
5
19
374
379263
24
9
115
364
24
7
6
24
42
32
3973
84
1
63
27
6
57
261
63
2
1
7252
121
822
5
65
64
682
83
759
28
6736
6
51
95412
68
1
12
941
4
3
779
8
4
4
91
89
14
94834
4
1
5
3
129
38217
99146
813
3
8596
73
4373
6
631
24
65
692
92
2
8
5
92
9
5
9
72
3
714
2
8
86
46
7
9
333
174
82
24
7
56
536
2358
46
5654
476
9717
769
3132
1
28
3699
294
75
45
18
49286
8
6371
311
826
88
63
73
9
416
93
6349
1
874
24
74
37
117
4288
51
5
388
9266
291498
741
89
43
8686
4
615
88
3
13186
781
265
8298
5
66
62
829
3
7
312
379
34
448
4143
2
8722
77
416
5
4
54
656
4611
379
1
9
4
47265
7
66
3
14
3
33
8
495
964
8
41
91
1
83
2
9
7
5
4
1883
87
82
415
5
24788
87
79
23
112
721
31
4
44632
73
8142
75322
678
4968
18896
4
7
91
5
5912
918
9
75
674
419
158
274
3
4757
82
8
2
859
841957
37126
9
79
2
8
673
79
817
4
596
7
5
16
7588
4
1
8661
75
35
123
1
18
81
5
88
3
57593
38
61
621
86
66
9252
95
6
788
1
4458
49
86
6
9
93
395
75
5
3515
75
2259
3
377
1978
9816
5672
249
267
4495
274
824
64
18
94
27
612146
5
9
59
53
627
33
15
5
73
91
87
5
8
6188
39
691
23
43
5
21
12
2
2
47
5
56
3
8
89
52
1823
55
61
7
5455
4
331
2
7
54
89
983
87
7427
453
275
71
9
48
1
14
16
64
978
9942
27
866
5118
87
97
8
3
37688
24
167
173
16
5443
1527
196
8
8614
6711
5784
29
912
24159
31
865
1
49
246393
3
2
5266
98
977
7256
5
73
9
5
25
828
84
63599
51
58
29
84
32
6
79
2
236
47
54
5
24
795251
9
56
42134